{
 "cells": [
  {
   "cell_type": "code",
   "execution_count": 1,
   "id": "7ea0832d",
   "metadata": {},
   "outputs": [],
   "source": [
    "import pandas as pd\n",
    "import numpy as np\n",
    "import seaborn as sns\n",
    "import scipy\n",
    "import matplotlib.pyplot as plt"
   ]
  },
  {
   "cell_type": "code",
   "execution_count": 2,
   "id": "f85a3e6e-1881-4dc7-a363-063c00feefa2",
   "metadata": {},
   "outputs": [
    {
     "data": {
      "text/html": [
       "<div>\n",
       "<style scoped>\n",
       "    .dataframe tbody tr th:only-of-type {\n",
       "        vertical-align: middle;\n",
       "    }\n",
       "\n",
       "    .dataframe tbody tr th {\n",
       "        vertical-align: top;\n",
       "    }\n",
       "\n",
       "    .dataframe thead th {\n",
       "        text-align: right;\n",
       "    }\n",
       "</style>\n",
       "<table border=\"1\" class=\"dataframe\">\n",
       "  <thead>\n",
       "    <tr style=\"text-align: right;\">\n",
       "      <th></th>\n",
       "      <th>fixed acidity</th>\n",
       "      <th>volatile acidity</th>\n",
       "      <th>citric acid</th>\n",
       "      <th>residual sugar</th>\n",
       "      <th>chlorides</th>\n",
       "      <th>free sulfur dioxide</th>\n",
       "      <th>total sulfur dioxide</th>\n",
       "      <th>density</th>\n",
       "      <th>pH</th>\n",
       "      <th>sulphates</th>\n",
       "      <th>alcohol</th>\n",
       "      <th>quality</th>\n",
       "    </tr>\n",
       "  </thead>\n",
       "  <tbody>\n",
       "    <tr>\n",
       "      <th>0</th>\n",
       "      <td>7.4</td>\n",
       "      <td>0.70</td>\n",
       "      <td>0.00</td>\n",
       "      <td>1.9</td>\n",
       "      <td>0.076</td>\n",
       "      <td>11.0</td>\n",
       "      <td>34.0</td>\n",
       "      <td>0.9978</td>\n",
       "      <td>3.51</td>\n",
       "      <td>0.56</td>\n",
       "      <td>9.4</td>\n",
       "      <td>5</td>\n",
       "    </tr>\n",
       "    <tr>\n",
       "      <th>1</th>\n",
       "      <td>7.8</td>\n",
       "      <td>0.88</td>\n",
       "      <td>0.00</td>\n",
       "      <td>2.6</td>\n",
       "      <td>0.098</td>\n",
       "      <td>25.0</td>\n",
       "      <td>67.0</td>\n",
       "      <td>0.9968</td>\n",
       "      <td>3.20</td>\n",
       "      <td>0.68</td>\n",
       "      <td>9.8</td>\n",
       "      <td>5</td>\n",
       "    </tr>\n",
       "    <tr>\n",
       "      <th>2</th>\n",
       "      <td>7.8</td>\n",
       "      <td>0.76</td>\n",
       "      <td>0.04</td>\n",
       "      <td>2.3</td>\n",
       "      <td>0.092</td>\n",
       "      <td>15.0</td>\n",
       "      <td>54.0</td>\n",
       "      <td>0.9970</td>\n",
       "      <td>3.26</td>\n",
       "      <td>0.65</td>\n",
       "      <td>9.8</td>\n",
       "      <td>5</td>\n",
       "    </tr>\n",
       "    <tr>\n",
       "      <th>3</th>\n",
       "      <td>11.2</td>\n",
       "      <td>0.28</td>\n",
       "      <td>0.56</td>\n",
       "      <td>1.9</td>\n",
       "      <td>0.075</td>\n",
       "      <td>17.0</td>\n",
       "      <td>60.0</td>\n",
       "      <td>0.9980</td>\n",
       "      <td>3.16</td>\n",
       "      <td>0.58</td>\n",
       "      <td>9.8</td>\n",
       "      <td>6</td>\n",
       "    </tr>\n",
       "    <tr>\n",
       "      <th>4</th>\n",
       "      <td>7.4</td>\n",
       "      <td>0.70</td>\n",
       "      <td>0.00</td>\n",
       "      <td>1.9</td>\n",
       "      <td>0.076</td>\n",
       "      <td>11.0</td>\n",
       "      <td>34.0</td>\n",
       "      <td>0.9978</td>\n",
       "      <td>3.51</td>\n",
       "      <td>0.56</td>\n",
       "      <td>9.4</td>\n",
       "      <td>5</td>\n",
       "    </tr>\n",
       "  </tbody>\n",
       "</table>\n",
       "</div>"
      ],
      "text/plain": [
       "   fixed acidity  volatile acidity  citric acid  residual sugar  chlorides  \\\n",
       "0            7.4              0.70         0.00             1.9      0.076   \n",
       "1            7.8              0.88         0.00             2.6      0.098   \n",
       "2            7.8              0.76         0.04             2.3      0.092   \n",
       "3           11.2              0.28         0.56             1.9      0.075   \n",
       "4            7.4              0.70         0.00             1.9      0.076   \n",
       "\n",
       "   free sulfur dioxide  total sulfur dioxide  density    pH  sulphates  \\\n",
       "0                 11.0                  34.0   0.9978  3.51       0.56   \n",
       "1                 25.0                  67.0   0.9968  3.20       0.68   \n",
       "2                 15.0                  54.0   0.9970  3.26       0.65   \n",
       "3                 17.0                  60.0   0.9980  3.16       0.58   \n",
       "4                 11.0                  34.0   0.9978  3.51       0.56   \n",
       "\n",
       "   alcohol  quality  \n",
       "0      9.4        5  \n",
       "1      9.8        5  \n",
       "2      9.8        5  \n",
       "3      9.8        6  \n",
       "4      9.4        5  "
      ]
     },
     "execution_count": 2,
     "metadata": {},
     "output_type": "execute_result"
    }
   ],
   "source": [
    "#Lendo os dados com pandas \n",
    "dados = pd.read_csv(\"winequality-red.csv\")\n",
    "\n",
    "#exibindo os cinco primeiros do dataset\n",
    "dados.head()"
   ]
  },
  {
   "cell_type": "code",
   "execution_count": 3,
   "id": "5b0124c5-6dc1-44d5-aa83-e89761800c5f",
   "metadata": {},
   "outputs": [
    {
     "data": {
      "text/plain": [
       "(1599, 11)"
      ]
     },
     "execution_count": 3,
     "metadata": {},
     "output_type": "execute_result"
    }
   ],
   "source": [
    "# criando uma matriz X com os valores do data frame\n",
    "X = dados.iloc[:,0:-1].values # exceto a coluna dos IDs e da classe\n",
    "X.shape"
   ]
  },
  {
   "cell_type": "code",
   "execution_count": 4,
   "id": "0e2c914d-545d-4c79-bd3a-f6f54f55b399",
   "metadata": {},
   "outputs": [
    {
     "data": {
      "text/html": [
       "<div>\n",
       "<style scoped>\n",
       "    .dataframe tbody tr th:only-of-type {\n",
       "        vertical-align: middle;\n",
       "    }\n",
       "\n",
       "    .dataframe tbody tr th {\n",
       "        vertical-align: top;\n",
       "    }\n",
       "\n",
       "    .dataframe thead th {\n",
       "        text-align: right;\n",
       "    }\n",
       "</style>\n",
       "<table border=\"1\" class=\"dataframe\">\n",
       "  <thead>\n",
       "    <tr style=\"text-align: right;\">\n",
       "      <th></th>\n",
       "      <th>fixed acidity</th>\n",
       "      <th>volatile acidity</th>\n",
       "      <th>citric acid</th>\n",
       "      <th>residual sugar</th>\n",
       "      <th>chlorides</th>\n",
       "      <th>free sulfur dioxide</th>\n",
       "      <th>total sulfur dioxide</th>\n",
       "      <th>density</th>\n",
       "      <th>pH</th>\n",
       "      <th>sulphates</th>\n",
       "      <th>alcohol</th>\n",
       "    </tr>\n",
       "  </thead>\n",
       "  <tbody>\n",
       "    <tr>\n",
       "      <th>0</th>\n",
       "      <td>7.4</td>\n",
       "      <td>0.700</td>\n",
       "      <td>0.00</td>\n",
       "      <td>1.9</td>\n",
       "      <td>0.076</td>\n",
       "      <td>11.0</td>\n",
       "      <td>34.0</td>\n",
       "      <td>0.99780</td>\n",
       "      <td>3.51</td>\n",
       "      <td>0.56</td>\n",
       "      <td>9.4</td>\n",
       "    </tr>\n",
       "    <tr>\n",
       "      <th>1</th>\n",
       "      <td>7.8</td>\n",
       "      <td>0.880</td>\n",
       "      <td>0.00</td>\n",
       "      <td>2.6</td>\n",
       "      <td>0.098</td>\n",
       "      <td>25.0</td>\n",
       "      <td>67.0</td>\n",
       "      <td>0.99680</td>\n",
       "      <td>3.20</td>\n",
       "      <td>0.68</td>\n",
       "      <td>9.8</td>\n",
       "    </tr>\n",
       "    <tr>\n",
       "      <th>2</th>\n",
       "      <td>7.8</td>\n",
       "      <td>0.760</td>\n",
       "      <td>0.04</td>\n",
       "      <td>2.3</td>\n",
       "      <td>0.092</td>\n",
       "      <td>15.0</td>\n",
       "      <td>54.0</td>\n",
       "      <td>0.99700</td>\n",
       "      <td>3.26</td>\n",
       "      <td>0.65</td>\n",
       "      <td>9.8</td>\n",
       "    </tr>\n",
       "    <tr>\n",
       "      <th>3</th>\n",
       "      <td>11.2</td>\n",
       "      <td>0.280</td>\n",
       "      <td>0.56</td>\n",
       "      <td>1.9</td>\n",
       "      <td>0.075</td>\n",
       "      <td>17.0</td>\n",
       "      <td>60.0</td>\n",
       "      <td>0.99800</td>\n",
       "      <td>3.16</td>\n",
       "      <td>0.58</td>\n",
       "      <td>9.8</td>\n",
       "    </tr>\n",
       "    <tr>\n",
       "      <th>4</th>\n",
       "      <td>7.4</td>\n",
       "      <td>0.700</td>\n",
       "      <td>0.00</td>\n",
       "      <td>1.9</td>\n",
       "      <td>0.076</td>\n",
       "      <td>11.0</td>\n",
       "      <td>34.0</td>\n",
       "      <td>0.99780</td>\n",
       "      <td>3.51</td>\n",
       "      <td>0.56</td>\n",
       "      <td>9.4</td>\n",
       "    </tr>\n",
       "    <tr>\n",
       "      <th>...</th>\n",
       "      <td>...</td>\n",
       "      <td>...</td>\n",
       "      <td>...</td>\n",
       "      <td>...</td>\n",
       "      <td>...</td>\n",
       "      <td>...</td>\n",
       "      <td>...</td>\n",
       "      <td>...</td>\n",
       "      <td>...</td>\n",
       "      <td>...</td>\n",
       "      <td>...</td>\n",
       "    </tr>\n",
       "    <tr>\n",
       "      <th>1594</th>\n",
       "      <td>6.2</td>\n",
       "      <td>0.600</td>\n",
       "      <td>0.08</td>\n",
       "      <td>2.0</td>\n",
       "      <td>0.090</td>\n",
       "      <td>32.0</td>\n",
       "      <td>44.0</td>\n",
       "      <td>0.99490</td>\n",
       "      <td>3.45</td>\n",
       "      <td>0.58</td>\n",
       "      <td>10.5</td>\n",
       "    </tr>\n",
       "    <tr>\n",
       "      <th>1595</th>\n",
       "      <td>5.9</td>\n",
       "      <td>0.550</td>\n",
       "      <td>0.10</td>\n",
       "      <td>2.2</td>\n",
       "      <td>0.062</td>\n",
       "      <td>39.0</td>\n",
       "      <td>51.0</td>\n",
       "      <td>0.99512</td>\n",
       "      <td>3.52</td>\n",
       "      <td>0.76</td>\n",
       "      <td>11.2</td>\n",
       "    </tr>\n",
       "    <tr>\n",
       "      <th>1596</th>\n",
       "      <td>6.3</td>\n",
       "      <td>0.510</td>\n",
       "      <td>0.13</td>\n",
       "      <td>2.3</td>\n",
       "      <td>0.076</td>\n",
       "      <td>29.0</td>\n",
       "      <td>40.0</td>\n",
       "      <td>0.99574</td>\n",
       "      <td>3.42</td>\n",
       "      <td>0.75</td>\n",
       "      <td>11.0</td>\n",
       "    </tr>\n",
       "    <tr>\n",
       "      <th>1597</th>\n",
       "      <td>5.9</td>\n",
       "      <td>0.645</td>\n",
       "      <td>0.12</td>\n",
       "      <td>2.0</td>\n",
       "      <td>0.075</td>\n",
       "      <td>32.0</td>\n",
       "      <td>44.0</td>\n",
       "      <td>0.99547</td>\n",
       "      <td>3.57</td>\n",
       "      <td>0.71</td>\n",
       "      <td>10.2</td>\n",
       "    </tr>\n",
       "    <tr>\n",
       "      <th>1598</th>\n",
       "      <td>6.0</td>\n",
       "      <td>0.310</td>\n",
       "      <td>0.47</td>\n",
       "      <td>3.6</td>\n",
       "      <td>0.067</td>\n",
       "      <td>18.0</td>\n",
       "      <td>42.0</td>\n",
       "      <td>0.99549</td>\n",
       "      <td>3.39</td>\n",
       "      <td>0.66</td>\n",
       "      <td>11.0</td>\n",
       "    </tr>\n",
       "  </tbody>\n",
       "</table>\n",
       "<p>1599 rows × 11 columns</p>\n",
       "</div>"
      ],
      "text/plain": [
       "      fixed acidity  volatile acidity  citric acid  residual sugar  chlorides  \\\n",
       "0               7.4             0.700         0.00             1.9      0.076   \n",
       "1               7.8             0.880         0.00             2.6      0.098   \n",
       "2               7.8             0.760         0.04             2.3      0.092   \n",
       "3              11.2             0.280         0.56             1.9      0.075   \n",
       "4               7.4             0.700         0.00             1.9      0.076   \n",
       "...             ...               ...          ...             ...        ...   \n",
       "1594            6.2             0.600         0.08             2.0      0.090   \n",
       "1595            5.9             0.550         0.10             2.2      0.062   \n",
       "1596            6.3             0.510         0.13             2.3      0.076   \n",
       "1597            5.9             0.645         0.12             2.0      0.075   \n",
       "1598            6.0             0.310         0.47             3.6      0.067   \n",
       "\n",
       "      free sulfur dioxide  total sulfur dioxide  density    pH  sulphates  \\\n",
       "0                    11.0                  34.0  0.99780  3.51       0.56   \n",
       "1                    25.0                  67.0  0.99680  3.20       0.68   \n",
       "2                    15.0                  54.0  0.99700  3.26       0.65   \n",
       "3                    17.0                  60.0  0.99800  3.16       0.58   \n",
       "4                    11.0                  34.0  0.99780  3.51       0.56   \n",
       "...                   ...                   ...      ...   ...        ...   \n",
       "1594                 32.0                  44.0  0.99490  3.45       0.58   \n",
       "1595                 39.0                  51.0  0.99512  3.52       0.76   \n",
       "1596                 29.0                  40.0  0.99574  3.42       0.75   \n",
       "1597                 32.0                  44.0  0.99547  3.57       0.71   \n",
       "1598                 18.0                  42.0  0.99549  3.39       0.66   \n",
       "\n",
       "      alcohol  \n",
       "0         9.4  \n",
       "1         9.8  \n",
       "2         9.8  \n",
       "3         9.8  \n",
       "4         9.4  \n",
       "...       ...  \n",
       "1594     10.5  \n",
       "1595     11.2  \n",
       "1596     11.0  \n",
       "1597     10.2  \n",
       "1598     11.0  \n",
       "\n",
       "[1599 rows x 11 columns]"
      ]
     },
     "execution_count": 4,
     "metadata": {},
     "output_type": "execute_result"
    }
   ],
   "source": [
    "features = [\"fixed acidity\", \"volatile acidity\", \"citric acid\", \"residual sugar\", \"chlorides\", \"free sulfur dioxide\", \"total sulfur dioxide\", \"density\", \"pH\", \"sulphates\", \"alcohol\"]\n",
    "X_df = pd.DataFrame(X,columns=features)\n",
    "X_df"
   ]
  },
  {
   "cell_type": "code",
   "execution_count": 5,
   "id": "8f5b1972-2d5d-4e3b-85e2-b15ae95dca1b",
   "metadata": {},
   "outputs": [],
   "source": [
    "# subtraindo a média da respectiva coluna de X\n",
    "X_mean = X - np.mean(X, axis=0)"
   ]
  },
  {
   "cell_type": "code",
   "execution_count": 6,
   "id": "ee1237b2-8ffb-489b-bf22-082baa47a28d",
   "metadata": {},
   "outputs": [
    {
     "data": {
      "text/html": [
       "<div>\n",
       "<style scoped>\n",
       "    .dataframe tbody tr th:only-of-type {\n",
       "        vertical-align: middle;\n",
       "    }\n",
       "\n",
       "    .dataframe tbody tr th {\n",
       "        vertical-align: top;\n",
       "    }\n",
       "\n",
       "    .dataframe thead th {\n",
       "        text-align: right;\n",
       "    }\n",
       "</style>\n",
       "<table border=\"1\" class=\"dataframe\">\n",
       "  <thead>\n",
       "    <tr style=\"text-align: right;\">\n",
       "      <th></th>\n",
       "      <th>fixed acidity</th>\n",
       "      <th>volatile acidity</th>\n",
       "      <th>citric acid</th>\n",
       "      <th>residual sugar</th>\n",
       "      <th>chlorides</th>\n",
       "      <th>free sulfur dioxide</th>\n",
       "      <th>total sulfur dioxide</th>\n",
       "      <th>density</th>\n",
       "      <th>pH</th>\n",
       "      <th>sulphates</th>\n",
       "      <th>alcohol</th>\n",
       "    </tr>\n",
       "  </thead>\n",
       "  <tbody>\n",
       "    <tr>\n",
       "      <th>0</th>\n",
       "      <td>3.031416</td>\n",
       "      <td>-0.079851</td>\n",
       "      <td>0.227820</td>\n",
       "      <td>0.281756</td>\n",
       "      <td>0.007679</td>\n",
       "      <td>-2.800921</td>\n",
       "      <td>-6.482346</td>\n",
       "      <td>0.002195</td>\n",
       "      <td>-0.183586</td>\n",
       "      <td>0.054010</td>\n",
       "      <td>-0.114421</td>\n",
       "    </tr>\n",
       "    <tr>\n",
       "      <th>1</th>\n",
       "      <td>-0.079851</td>\n",
       "      <td>0.032062</td>\n",
       "      <td>-0.019272</td>\n",
       "      <td>0.000484</td>\n",
       "      <td>0.000517</td>\n",
       "      <td>-0.019674</td>\n",
       "      <td>0.450426</td>\n",
       "      <td>0.000007</td>\n",
       "      <td>0.006495</td>\n",
       "      <td>-0.007921</td>\n",
       "      <td>-0.038600</td>\n",
       "    </tr>\n",
       "    <tr>\n",
       "      <th>2</th>\n",
       "      <td>0.227820</td>\n",
       "      <td>-0.019272</td>\n",
       "      <td>0.037947</td>\n",
       "      <td>0.039434</td>\n",
       "      <td>0.001869</td>\n",
       "      <td>-0.124252</td>\n",
       "      <td>0.227697</td>\n",
       "      <td>0.000134</td>\n",
       "      <td>-0.016298</td>\n",
       "      <td>0.010328</td>\n",
       "      <td>0.022815</td>\n",
       "    </tr>\n",
       "    <tr>\n",
       "      <th>3</th>\n",
       "      <td>0.281756</td>\n",
       "      <td>0.000484</td>\n",
       "      <td>0.039434</td>\n",
       "      <td>1.987897</td>\n",
       "      <td>0.003690</td>\n",
       "      <td>2.758611</td>\n",
       "      <td>9.416441</td>\n",
       "      <td>0.000945</td>\n",
       "      <td>-0.018644</td>\n",
       "      <td>0.001321</td>\n",
       "      <td>0.063219</td>\n",
       "    </tr>\n",
       "    <tr>\n",
       "      <th>4</th>\n",
       "      <td>0.007679</td>\n",
       "      <td>0.000517</td>\n",
       "      <td>0.001869</td>\n",
       "      <td>0.003690</td>\n",
       "      <td>0.002215</td>\n",
       "      <td>0.002738</td>\n",
       "      <td>0.073387</td>\n",
       "      <td>0.000018</td>\n",
       "      <td>-0.001926</td>\n",
       "      <td>0.002962</td>\n",
       "      <td>-0.011092</td>\n",
       "    </tr>\n",
       "    <tr>\n",
       "      <th>5</th>\n",
       "      <td>-2.800921</td>\n",
       "      <td>-0.019674</td>\n",
       "      <td>-0.124252</td>\n",
       "      <td>2.758611</td>\n",
       "      <td>0.002738</td>\n",
       "      <td>109.414884</td>\n",
       "      <td>229.737521</td>\n",
       "      <td>-0.000433</td>\n",
       "      <td>0.113653</td>\n",
       "      <td>0.091592</td>\n",
       "      <td>-0.773698</td>\n",
       "    </tr>\n",
       "    <tr>\n",
       "      <th>6</th>\n",
       "      <td>-6.482346</td>\n",
       "      <td>0.450426</td>\n",
       "      <td>0.227697</td>\n",
       "      <td>9.416441</td>\n",
       "      <td>0.073387</td>\n",
       "      <td>229.737521</td>\n",
       "      <td>1082.102373</td>\n",
       "      <td>0.004425</td>\n",
       "      <td>-0.337699</td>\n",
       "      <td>0.239471</td>\n",
       "      <td>-7.209298</td>\n",
       "    </tr>\n",
       "    <tr>\n",
       "      <th>7</th>\n",
       "      <td>0.002195</td>\n",
       "      <td>0.000007</td>\n",
       "      <td>0.000134</td>\n",
       "      <td>0.000945</td>\n",
       "      <td>0.000018</td>\n",
       "      <td>-0.000433</td>\n",
       "      <td>0.004425</td>\n",
       "      <td>0.000004</td>\n",
       "      <td>-0.000100</td>\n",
       "      <td>0.000048</td>\n",
       "      <td>-0.000998</td>\n",
       "    </tr>\n",
       "    <tr>\n",
       "      <th>8</th>\n",
       "      <td>-0.183586</td>\n",
       "      <td>0.006495</td>\n",
       "      <td>-0.016298</td>\n",
       "      <td>-0.018644</td>\n",
       "      <td>-0.001926</td>\n",
       "      <td>0.113653</td>\n",
       "      <td>-0.337699</td>\n",
       "      <td>-0.000100</td>\n",
       "      <td>0.023835</td>\n",
       "      <td>-0.005146</td>\n",
       "      <td>0.033832</td>\n",
       "    </tr>\n",
       "    <tr>\n",
       "      <th>9</th>\n",
       "      <td>0.054010</td>\n",
       "      <td>-0.007921</td>\n",
       "      <td>0.010328</td>\n",
       "      <td>0.001321</td>\n",
       "      <td>0.002962</td>\n",
       "      <td>0.091592</td>\n",
       "      <td>0.239471</td>\n",
       "      <td>0.000048</td>\n",
       "      <td>-0.005146</td>\n",
       "      <td>0.028733</td>\n",
       "      <td>0.016907</td>\n",
       "    </tr>\n",
       "    <tr>\n",
       "      <th>10</th>\n",
       "      <td>-0.114421</td>\n",
       "      <td>-0.038600</td>\n",
       "      <td>0.022815</td>\n",
       "      <td>0.063219</td>\n",
       "      <td>-0.011092</td>\n",
       "      <td>-0.773698</td>\n",
       "      <td>-7.209298</td>\n",
       "      <td>-0.000998</td>\n",
       "      <td>0.033832</td>\n",
       "      <td>0.016907</td>\n",
       "      <td>1.135647</td>\n",
       "    </tr>\n",
       "  </tbody>\n",
       "</table>\n",
       "</div>"
      ],
      "text/plain": [
       "    fixed acidity  volatile acidity  citric acid  residual sugar  chlorides  \\\n",
       "0        3.031416         -0.079851     0.227820        0.281756   0.007679   \n",
       "1       -0.079851          0.032062    -0.019272        0.000484   0.000517   \n",
       "2        0.227820         -0.019272     0.037947        0.039434   0.001869   \n",
       "3        0.281756          0.000484     0.039434        1.987897   0.003690   \n",
       "4        0.007679          0.000517     0.001869        0.003690   0.002215   \n",
       "5       -2.800921         -0.019674    -0.124252        2.758611   0.002738   \n",
       "6       -6.482346          0.450426     0.227697        9.416441   0.073387   \n",
       "7        0.002195          0.000007     0.000134        0.000945   0.000018   \n",
       "8       -0.183586          0.006495    -0.016298       -0.018644  -0.001926   \n",
       "9        0.054010         -0.007921     0.010328        0.001321   0.002962   \n",
       "10      -0.114421         -0.038600     0.022815        0.063219  -0.011092   \n",
       "\n",
       "    free sulfur dioxide  total sulfur dioxide   density        pH  sulphates  \\\n",
       "0             -2.800921             -6.482346  0.002195 -0.183586   0.054010   \n",
       "1             -0.019674              0.450426  0.000007  0.006495  -0.007921   \n",
       "2             -0.124252              0.227697  0.000134 -0.016298   0.010328   \n",
       "3              2.758611              9.416441  0.000945 -0.018644   0.001321   \n",
       "4              0.002738              0.073387  0.000018 -0.001926   0.002962   \n",
       "5            109.414884            229.737521 -0.000433  0.113653   0.091592   \n",
       "6            229.737521           1082.102373  0.004425 -0.337699   0.239471   \n",
       "7             -0.000433              0.004425  0.000004 -0.000100   0.000048   \n",
       "8              0.113653             -0.337699 -0.000100  0.023835  -0.005146   \n",
       "9              0.091592              0.239471  0.000048 -0.005146   0.028733   \n",
       "10            -0.773698             -7.209298 -0.000998  0.033832   0.016907   \n",
       "\n",
       "     alcohol  \n",
       "0  -0.114421  \n",
       "1  -0.038600  \n",
       "2   0.022815  \n",
       "3   0.063219  \n",
       "4  -0.011092  \n",
       "5  -0.773698  \n",
       "6  -7.209298  \n",
       "7  -0.000998  \n",
       "8   0.033832  \n",
       "9   0.016907  \n",
       "10  1.135647  "
      ]
     },
     "execution_count": 6,
     "metadata": {},
     "output_type": "execute_result"
    }
   ],
   "source": [
    "#Step-2\n",
    "features = [\"fixed acidity\", \"volatile acidity\", \"citric acid\", \"residual sugar\", \"chlorides\", \"free sulfur dioxide\", \"total sulfur dioxide\", \"density\", \"pH\", \"sulphates\", \"alcohol\"]\n",
    "cov = np.cov(X_mean, rowvar = False)\n",
    "cov_df = pd.DataFrame(cov,columns=features)\n",
    "cov_df"
   ]
  },
  {
   "cell_type": "code",
   "execution_count": 7,
   "id": "ea50443f-7ca3-43be-8c6c-9594d945bae9",
   "metadata": {},
   "outputs": [
    {
     "data": {
      "text/html": [
       "<div>\n",
       "<style scoped>\n",
       "    .dataframe tbody tr th:only-of-type {\n",
       "        vertical-align: middle;\n",
       "    }\n",
       "\n",
       "    .dataframe tbody tr th {\n",
       "        vertical-align: top;\n",
       "    }\n",
       "\n",
       "    .dataframe thead th {\n",
       "        text-align: right;\n",
       "    }\n",
       "</style>\n",
       "<table border=\"1\" class=\"dataframe\">\n",
       "  <thead>\n",
       "    <tr style=\"text-align: right;\">\n",
       "      <th></th>\n",
       "      <th>fixed acidity</th>\n",
       "      <th>volatile acidity</th>\n",
       "      <th>citric acid</th>\n",
       "      <th>residual sugar</th>\n",
       "      <th>chlorides</th>\n",
       "      <th>free sulfur dioxide</th>\n",
       "      <th>total sulfur dioxide</th>\n",
       "      <th>density</th>\n",
       "      <th>pH</th>\n",
       "      <th>sulphates</th>\n",
       "      <th>alcohol</th>\n",
       "    </tr>\n",
       "  </thead>\n",
       "  <tbody>\n",
       "    <tr>\n",
       "      <th>fixed acidity</th>\n",
       "      <td>1.000000</td>\n",
       "      <td>-0.256131</td>\n",
       "      <td>0.671703</td>\n",
       "      <td>0.114777</td>\n",
       "      <td>0.093705</td>\n",
       "      <td>-0.153794</td>\n",
       "      <td>-0.113181</td>\n",
       "      <td>0.668047</td>\n",
       "      <td>-0.682978</td>\n",
       "      <td>0.183006</td>\n",
       "      <td>-0.061668</td>\n",
       "    </tr>\n",
       "    <tr>\n",
       "      <th>volatile acidity</th>\n",
       "      <td>-0.256131</td>\n",
       "      <td>1.000000</td>\n",
       "      <td>-0.552496</td>\n",
       "      <td>0.001918</td>\n",
       "      <td>0.061298</td>\n",
       "      <td>-0.010504</td>\n",
       "      <td>0.076470</td>\n",
       "      <td>0.022026</td>\n",
       "      <td>0.234937</td>\n",
       "      <td>-0.260987</td>\n",
       "      <td>-0.202288</td>\n",
       "    </tr>\n",
       "    <tr>\n",
       "      <th>citric acid</th>\n",
       "      <td>0.671703</td>\n",
       "      <td>-0.552496</td>\n",
       "      <td>1.000000</td>\n",
       "      <td>0.143577</td>\n",
       "      <td>0.203823</td>\n",
       "      <td>-0.060978</td>\n",
       "      <td>0.035533</td>\n",
       "      <td>0.364947</td>\n",
       "      <td>-0.541904</td>\n",
       "      <td>0.312770</td>\n",
       "      <td>0.109903</td>\n",
       "    </tr>\n",
       "    <tr>\n",
       "      <th>residual sugar</th>\n",
       "      <td>0.114777</td>\n",
       "      <td>0.001918</td>\n",
       "      <td>0.143577</td>\n",
       "      <td>1.000000</td>\n",
       "      <td>0.055610</td>\n",
       "      <td>0.187049</td>\n",
       "      <td>0.203028</td>\n",
       "      <td>0.355283</td>\n",
       "      <td>-0.085652</td>\n",
       "      <td>0.005527</td>\n",
       "      <td>0.042075</td>\n",
       "    </tr>\n",
       "    <tr>\n",
       "      <th>chlorides</th>\n",
       "      <td>0.093705</td>\n",
       "      <td>0.061298</td>\n",
       "      <td>0.203823</td>\n",
       "      <td>0.055610</td>\n",
       "      <td>1.000000</td>\n",
       "      <td>0.005562</td>\n",
       "      <td>0.047400</td>\n",
       "      <td>0.200632</td>\n",
       "      <td>-0.265026</td>\n",
       "      <td>0.371260</td>\n",
       "      <td>-0.221141</td>\n",
       "    </tr>\n",
       "    <tr>\n",
       "      <th>free sulfur dioxide</th>\n",
       "      <td>-0.153794</td>\n",
       "      <td>-0.010504</td>\n",
       "      <td>-0.060978</td>\n",
       "      <td>0.187049</td>\n",
       "      <td>0.005562</td>\n",
       "      <td>1.000000</td>\n",
       "      <td>0.667666</td>\n",
       "      <td>-0.021946</td>\n",
       "      <td>0.070377</td>\n",
       "      <td>0.051658</td>\n",
       "      <td>-0.069408</td>\n",
       "    </tr>\n",
       "    <tr>\n",
       "      <th>total sulfur dioxide</th>\n",
       "      <td>-0.113181</td>\n",
       "      <td>0.076470</td>\n",
       "      <td>0.035533</td>\n",
       "      <td>0.203028</td>\n",
       "      <td>0.047400</td>\n",
       "      <td>0.667666</td>\n",
       "      <td>1.000000</td>\n",
       "      <td>0.071269</td>\n",
       "      <td>-0.066495</td>\n",
       "      <td>0.042947</td>\n",
       "      <td>-0.205654</td>\n",
       "    </tr>\n",
       "    <tr>\n",
       "      <th>density</th>\n",
       "      <td>0.668047</td>\n",
       "      <td>0.022026</td>\n",
       "      <td>0.364947</td>\n",
       "      <td>0.355283</td>\n",
       "      <td>0.200632</td>\n",
       "      <td>-0.021946</td>\n",
       "      <td>0.071269</td>\n",
       "      <td>1.000000</td>\n",
       "      <td>-0.341699</td>\n",
       "      <td>0.148506</td>\n",
       "      <td>-0.496180</td>\n",
       "    </tr>\n",
       "    <tr>\n",
       "      <th>pH</th>\n",
       "      <td>-0.682978</td>\n",
       "      <td>0.234937</td>\n",
       "      <td>-0.541904</td>\n",
       "      <td>-0.085652</td>\n",
       "      <td>-0.265026</td>\n",
       "      <td>0.070377</td>\n",
       "      <td>-0.066495</td>\n",
       "      <td>-0.341699</td>\n",
       "      <td>1.000000</td>\n",
       "      <td>-0.196648</td>\n",
       "      <td>0.205633</td>\n",
       "    </tr>\n",
       "    <tr>\n",
       "      <th>sulphates</th>\n",
       "      <td>0.183006</td>\n",
       "      <td>-0.260987</td>\n",
       "      <td>0.312770</td>\n",
       "      <td>0.005527</td>\n",
       "      <td>0.371260</td>\n",
       "      <td>0.051658</td>\n",
       "      <td>0.042947</td>\n",
       "      <td>0.148506</td>\n",
       "      <td>-0.196648</td>\n",
       "      <td>1.000000</td>\n",
       "      <td>0.093595</td>\n",
       "    </tr>\n",
       "    <tr>\n",
       "      <th>alcohol</th>\n",
       "      <td>-0.061668</td>\n",
       "      <td>-0.202288</td>\n",
       "      <td>0.109903</td>\n",
       "      <td>0.042075</td>\n",
       "      <td>-0.221141</td>\n",
       "      <td>-0.069408</td>\n",
       "      <td>-0.205654</td>\n",
       "      <td>-0.496180</td>\n",
       "      <td>0.205633</td>\n",
       "      <td>0.093595</td>\n",
       "      <td>1.000000</td>\n",
       "    </tr>\n",
       "  </tbody>\n",
       "</table>\n",
       "</div>"
      ],
      "text/plain": [
       "                      fixed acidity  volatile acidity  citric acid  \\\n",
       "fixed acidity              1.000000         -0.256131     0.671703   \n",
       "volatile acidity          -0.256131          1.000000    -0.552496   \n",
       "citric acid                0.671703         -0.552496     1.000000   \n",
       "residual sugar             0.114777          0.001918     0.143577   \n",
       "chlorides                  0.093705          0.061298     0.203823   \n",
       "free sulfur dioxide       -0.153794         -0.010504    -0.060978   \n",
       "total sulfur dioxide      -0.113181          0.076470     0.035533   \n",
       "density                    0.668047          0.022026     0.364947   \n",
       "pH                        -0.682978          0.234937    -0.541904   \n",
       "sulphates                  0.183006         -0.260987     0.312770   \n",
       "alcohol                   -0.061668         -0.202288     0.109903   \n",
       "\n",
       "                      residual sugar  chlorides  free sulfur dioxide  \\\n",
       "fixed acidity               0.114777   0.093705            -0.153794   \n",
       "volatile acidity            0.001918   0.061298            -0.010504   \n",
       "citric acid                 0.143577   0.203823            -0.060978   \n",
       "residual sugar              1.000000   0.055610             0.187049   \n",
       "chlorides                   0.055610   1.000000             0.005562   \n",
       "free sulfur dioxide         0.187049   0.005562             1.000000   \n",
       "total sulfur dioxide        0.203028   0.047400             0.667666   \n",
       "density                     0.355283   0.200632            -0.021946   \n",
       "pH                         -0.085652  -0.265026             0.070377   \n",
       "sulphates                   0.005527   0.371260             0.051658   \n",
       "alcohol                     0.042075  -0.221141            -0.069408   \n",
       "\n",
       "                      total sulfur dioxide   density        pH  sulphates  \\\n",
       "fixed acidity                    -0.113181  0.668047 -0.682978   0.183006   \n",
       "volatile acidity                  0.076470  0.022026  0.234937  -0.260987   \n",
       "citric acid                       0.035533  0.364947 -0.541904   0.312770   \n",
       "residual sugar                    0.203028  0.355283 -0.085652   0.005527   \n",
       "chlorides                         0.047400  0.200632 -0.265026   0.371260   \n",
       "free sulfur dioxide               0.667666 -0.021946  0.070377   0.051658   \n",
       "total sulfur dioxide              1.000000  0.071269 -0.066495   0.042947   \n",
       "density                           0.071269  1.000000 -0.341699   0.148506   \n",
       "pH                               -0.066495 -0.341699  1.000000  -0.196648   \n",
       "sulphates                         0.042947  0.148506 -0.196648   1.000000   \n",
       "alcohol                          -0.205654 -0.496180  0.205633   0.093595   \n",
       "\n",
       "                       alcohol  \n",
       "fixed acidity        -0.061668  \n",
       "volatile acidity     -0.202288  \n",
       "citric acid           0.109903  \n",
       "residual sugar        0.042075  \n",
       "chlorides            -0.221141  \n",
       "free sulfur dioxide  -0.069408  \n",
       "total sulfur dioxide -0.205654  \n",
       "density              -0.496180  \n",
       "pH                    0.205633  \n",
       "sulphates             0.093595  \n",
       "alcohol               1.000000  "
      ]
     },
     "execution_count": 7,
     "metadata": {},
     "output_type": "execute_result"
    }
   ],
   "source": [
    "corr = np.corrcoef(X_mean, rowvar = False)\n",
    "corr_df = pd.DataFrame(corr,columns=features)\n",
    "corr_df.index = features\n",
    "corr_df"
   ]
  },
  {
   "cell_type": "code",
   "execution_count": 8,
   "id": "d704fa1d-d0f4-4a87-811c-10e11bc860c7",
   "metadata": {},
   "outputs": [
    {
     "data": {
